   0       0.0     0.0.1     0.0.2  ...  0.0.2095  0.0.2096  0.0.2097  1
0  1  0.522239  0.022005  0.000000  ...  0.015132  0.356352  0.356352  1
1  2  0.000000  0.000000  0.000000  ...  0.000000  0.000000  0.000000  1
2  3  0.012142  0.000000  0.000000  ...  0.000000  0.000000  0.000000  1
3  4  0.407989  0.021161  0.097119  ...  0.122741  0.096546  0.017300  1
4  5  0.000000  0.000000  0.000000  ...  0.000000  0.000000  0.000000  1

[5 rows x 3782 columns]
              0             1             2  ...          1520          1521  1
0     67.527801  1.286778e-11 -2.040702e-13  ... -5.997832e-17  6.088812e-16  1
1     67.439007  3.010429e-11 -1.290785e-13  ... -3.785506e-16 -5.553718e-16  1
2     67.350213 -5.568185e-13  9.228540e-13  ... -2.550351e-15 -3.025513e-16  1
3     67.261419  9.858665e-12 -2.511285e-12  ...  1.100147e-15 -9.025814e-17  1
4     67.172625 -2.707486e-13 -4.909690e-12  ... -3.295818e-16  3.053256e-17  1
...         ...           ...           ...  ...           ...           ... ..
1517 -67.172625  5.827036e-13  1.121724e-12  ... -2.969936e-15  2.485111e-16  0
1518 -67.261419 -2.945838e-13  6.072787e-13  ...  1.133336e-15 -1.984394e-15  0
1519 -67.350213 -2.146138e-12  8.126354e-14  ...  3.280081e-16  4.313862e-17  0
1520 -67.439007  2.128411e-12  1.787290e-12  ... -6.584644e-16  1.529002e-15  0
1521 -67.527801  6.028210e-13 -3.134366e-13  ... -3.024523e-16 -1.192382e-15  0

[1522 rows x 1523 columns]
