[0 1 0 1 1 0 0 0 1 0 0 1 1 1 1 1 0 0 1 0 0 0 0 0 0 0 1 0 1 1 0 1 0 1 0 1 0
 1 0 0 1 1 0 1 1 1 1 1 0 0 1 0 1 0 0 0 0 1 0 1 1 0 1 1 1 0 0 1 0 1 0 1 1 0
 1 1 1 1 0 1 0 0 0 0 1 1 1 0 0 0 1 1 0 0 0 0 1 1 1 1 1 0 1 1 0 0 1 1 1 0 1
 1 1 0 1 0 1 1 0 1 0 1 0 1 0 0 1 0 1 0 0 0 1 0 1 0 1 0 1 1 0 1 1 0 0 1 0 0
 1 0 0 0 1 1 1 0 1 1 1 1 1 1 1 0 1 0 1 1 1 1 1 0 1 1 0 0 0 1 0 0 0 1 1 0 0
 0 1 0 0 1 1 1 1 0 1 0 0 1 0 0 1 1 0 0 0 1 1 1 0 0 1 0 1 0 1 0 1 0 0 0 1 0
 0 1 1 0 0 0 1 1 1 0 0 1 1 1 1 1 0 1 0 0 0 1 0 0 1 0 1 1 1 0 1 1 0 0 1 1 0
 1 0 1 1 1 0 0 0 1 1 0 0 1 1 0 1 1 1 0 0 0 0 0 1 1 1 1 0 0 1 0 0 1 1 0 1 1
 1 0 0 0 1 1 1 0 0]
[[116  15]
 [ 31 143]]
              precision    recall  f1-score   support

           0       0.79      0.89      0.83       131
           1       0.91      0.82      0.86       174

    accuracy                           0.85       305
   macro avg       0.85      0.85      0.85       305
weighted avg       0.86      0.85      0.85       305

