[1 1 1 0 0 0 0 0 1 0 0 1 0 1 1 1 1 0 0 1 0 1 0 0 0 1 0 1 0 0 1 0 1 0 0 0 1
 1 1 0 0 1 0 1 1 0 1 1 1 0 1 0 0 0 1 1 1 1 0 0 0 1 0 1 1 0 1 1 0 1 0 0 0 1
 1 0 0 1 1 0 0 1 1 1 1 0 0 1 1 0 1 0 1 1 1 0 0 0 1 1 1 1 1 0 1 0 0 1 1 0 1
 1 0 1 0 0 0 0 0 1 0 1 0 1 1 1 0 0 0 1 1 1 1 0 1 1 1 0 0 1 0 0 1 0 0 1 1 1
 1 0 1 0 0 0 1 1 1 0 1 1 1 0 1 1 1 0 0 1 1 1 0 1 0 0 0 1 0 1 1 0 0 0 0 1 0
 0 1 0 1 1 0 0 1 1 1 1 0 1 0 0 0 0 0 0 1 0 0 0 0 1 0 1 0 1 0 0 1 1 0 0 0 0
 0 1 1 0 0 1 0 1 0 1 0 1 1 0 0 1 1 1 1 1 1 0 1 1 0 0 0 0 1 1 0 1 0 1 0 1 1
 0 1 1 1 0 1 1 0 0 0 0 1 1 0 1 0 1 1 0 1 0 0 1 1 0 1 1 0 0 1 0 1 1 0 1 1 0
 1 1 0 0 0 0 0 1 1]
[[117  23]
 [ 33 132]]
              precision    recall  f1-score   support

           0       0.78      0.84      0.81       140
           1       0.85      0.80      0.82       165

    accuracy                           0.82       305
   macro avg       0.82      0.82      0.82       305
weighted avg       0.82      0.82      0.82       305

