           0.0     0.0.1     0.0.2  ...  0.0.2066  0.0.2067  good
0     0.000000  0.000000  0.000000  ...  0.000000  0.000000   NaN
1     0.522239  0.022005  0.000000  ...  0.356352  0.356352   NaN
2     0.000000  0.000000  0.000000  ...  0.000000  0.000000   NaN
3     0.012142  0.000000  0.000000  ...  0.000000  0.000000   NaN
4     0.407989  0.021161  0.097119  ...  0.096546  0.017300   NaN
...        ...       ...       ...  ...       ...       ...   ...
1518  0.000000  0.000000  0.000000  ...  0.000000  0.000000   NaN
1519  0.195552  0.031261  0.030511  ...  0.004281  0.002042   NaN
1520  0.000000  0.000000  0.000000  ...  0.000000  0.000000   NaN
1521  0.000000  0.000000  0.000000  ...  0.000000  0.000000   NaN
1522  0.000000  0.000000  0.000000  ...  0.344217  0.016081   NaN

[1523 rows x 3781 columns]
