[1 1 1 1 0 1 1 1 0 1 0 1 1 1 0 1 0 0 0 1 1 1 1 1 1 1 0 1 1 1 1 1 0 0 0 1 1
 1 1 0 1 1 1 0 1 0 1 0 0 1 1 0 0 1 1 1 1 1 0 1 1 0 0 1 1 0 1 0 1 1 0 1 1 1
 0 0 1 0 1 1 1 1 1 1 1 1 0 0 1 1 0 0 1 0 0 1 1 1 1 0 1 0 1 0 0 1 1 1 1 1 1
 1 1 1 1 0 0 0 0 0 0 1 0 0 0 0 1 1 0 1 0 0 0 0 0 0 0 0 1 1 1 1 0 0 0 1 1 1
 0 0 0 1 0 1 1 1 1 1 0 0 1 0 0 1 0 0 0 0 1 1 1 1 0 0 1 1 0 1 1 0 0 1 1 1 1
 1 0 0 0 0 0 0 0 1 0 1 1 1 1 0 1 1 1 0 0 0 1 0 0 0 1 0 1 0 1 1 0 1 1 0 0 0
 0 0 0 1 0 0 1 0 1 0 0 0 0 0 0 1 0 1 1 1 0 1 1 1 1 0 1 0 0 1 0 0 0 0 1 1 0
 1 0 0 1 1 0 1 1 1 1 0 1 1 1 1 1 0 1 0 0 1 0 1 0 0 1 1 1 1 0 1 0 0 1 0 0 0
 0 0 1 0 1 0 0 0 0]
[[102  21]
 [ 40 142]]
              precision    recall  f1-score   support

           0       0.72      0.83      0.77       123
           1       0.87      0.78      0.82       182

    accuracy                           0.80       305
   macro avg       0.79      0.80      0.80       305
weighted avg       0.81      0.80      0.80       305

Time taken:  4.277261972427368
